algorithm-1,algorithm-2,algorithm-3,algorithm-4,T1(n),T2(n),T3(n), T4(n)
12, 7, 7, 4, 18, 7, 16, 2, 
28, 13, 11, 5, 51, 15, 33, 3, 
44, 13, 10, 5, 110, 26, 56, 3, 
82, 18, 12, 5, 202, 40, 84, 4, 
134, 24, 14, 5, 335, 57, 119, 5, 
209, 31, 16, 5, 517, 77, 160, 5, 
300, 39, 19, 6, 755, 100, 207, 6, 
409, 46, 22, 6, 1056, 126, 260, 7, 
1162, 85, 33, 10, 1429, 155, 319, 8, 
2240, 288, 242, 12, 1879, 186, 383, 8, 
1406, 104, 36, 10, 2416, 221, 454, 9, 
1461, 95, 36, 7, 3046, 259, 531, 10, 
2356, 107, 34, 8, 3778, 300, 614, 10, 
1879, 128, 37, 8, 4618, 344, 703, 11, 
2151, 137, 38, 9, 5573, 391, 798, 12, 
2661, 160, 42, 9, 6653, 441, 899, 12, 
3013, 172, 43, 9, 7863, 494, 1005, 13, 
3525, 190, 46, 9, 9212, 550, 1118, 14, 
3987, 216, 227, 9, 10707, 609, 1237, 15, 
